num crossings	time (s)	maj axis (mm)	min axis (mm)	theta (rad )	slope (V/s)
2709	5960.010462	187.459682	-2.376939	3.763293	96.308391
2711	5962.090102	186.603353	-2.513170	3.752486	82.333015
2713	5964.171414	185.819874	-2.142250	3.760522	95.999641
2715	5966.250524	185.575614	-2.275659	3.776007	92.006411
2717	5968.332140	185.289100	-2.421132	3.804853	94.539258
2719	5970.417647	183.540851	-2.168521	3.798063	88.291686
2721	5972.507707	181.253844	-2.086859	3.774985	82.848665
2723	5974.594094	181.837455	-1.696769	3.755078	88.911206
2725	5976.673101	181.370338	-1.805724	3.764391	88.930618
2727	5978.748654	179.267372	-2.318290	3.761144	81.789908
2729	5980.825541	178.840010	-2.588282	3.793852	84.915520
2731	5982.910219	178.725229	-2.805839	3.801464	87.062011
2733	5984.999744	175.040311	-2.486703	3.777200	85.420828
2735	5987.087557	176.538677	-2.067723	3.761729	83.397861
2737	5989.167208	175.337643	-2.125728	3.763175	82.464007
2739	5991.243014	175.077817	-2.451668	3.759745	83.182598
2741	5993.319355	172.900755	-2.639211	3.769878	78.759067
2743	5995.400186	173.937646	-3.007448	3.788830	79.861622
2745	5997.483379	172.515160	-2.596241	3.797493	81.161844
2747	5999.568912	170.268623	-2.802218	3.792435	79.922955
2749	6001.654644	170.137003	-2.463036	3.787497	77.724799
2751	6003.739629	171.021092	-2.502723	3.774803	76.114996
2753	6005.823529	168.668053	-2.197814	3.775844	74.738170
2755	6007.906024	167.135607	-2.505818	3.778201	74.541496
2757	6009.987183	167.375974	-2.444968	3.779236	72.399129
2759	6012.067358	166.363449	-2.618655	3.792000	71.012930
2761	6014.145984	167.194952	-2.434749	3.782289	74.204474
2763	6016.224033	165.229151	-2.985184	3.778770	70.693000
2765	6018.302922	164.538563	-3.092464	3.769614	69.667754
2767	6020.383756	161.867902	-3.123473	3.755035	68.114006
2769	6022.468219	159.972226	-3.120758	3.744271	70.797336
2771	6024.555148	158.547425	-2.996077	3.749040	68.612134
2773	6026.642598	158.763426	-3.085759	3.770637	67.511474
2775	6028.729010	158.306542	-3.140141	3.786355	68.417215
2777	6030.811037	158.676224	-3.062570	3.785032	67.259810
2779	6032.888574	159.553861	-2.945733	3.783442	66.988487
2781	6034.963877	158.982539	-3.176294	3.776554	63.182219
2783	6037.041436	156.545844	-3.328752	3.760671	64.068405
2785	6039.121757	154.838846	-3.300120	3.749043	65.275419
2787	6041.206172	153.869061	-3.521290	3.742047	63.482899
2789	6043.291391	150.960811	-3.196237	3.742943	62.602957
2791	6045.376447	150.881415	-3.162839	3.754193	61.190276
2793	6047.461032	150.784839	-3.427200	3.759408	61.514118
2795	6049.544486	150.679614	-3.477722	3.762395	60.118115
2797	6051.627392	150.576771	-3.494864	3.767591	60.013925
2799	6053.709577	148.889348	-3.450186	3.764982	58.779916
2801	6055.791211	149.149861	-3.369077	3.766819	57.334315
2803	6057.872759	149.551011	-3.265453	3.766723	56.374109
2805	6059.953258	146.455990	-3.512909	3.757876	53.890659
2807	6062.032836	145.710388	-3.544891	3.752801	56.614520
2809	6064.111872	144.994303	-3.558541	3.747844	55.048178
2811	6066.190282	143.833562	-3.472244	3.746036	53.081898
2813	6068.269141	143.024741	-3.561019	3.751730	52.796596
2815	6070.349588	143.432434	-3.479860	3.762319	54.409533
2817	6072.433371	142.574748	-3.742199	3.782994	52.431831
2819	6074.521134	142.512857	-3.705742	3.773505	53.498845
2821	6076.610059	140.297078	-3.680560	3.760766	52.269546
2823	6078.696310	140.110296	-3.072109	3.755508	52.333351
2825	6080.778377	141.349454	-2.936373	3.765987	50.707697
2827	6082.857633	138.666295	-3.600273	3.757617	50.641627
2829	6084.935453	137.710017	-3.846439	3.751550	48.230084
2831	6087.014859	137.179318	-4.064798	3.744548	49.045573
2833	6089.091432	135.563958	-3.757471	3.739542	48.119107
2835	6091.170664	135.120181	-3.920518	3.746133	47.898967
2837	6093.250957	134.327093	-3.884820	3.748918	47.211789
2839	6095.331713	133.227485	-3.919604	3.752394	47.494875
2841	6097.412875	133.189010	-4.032365	3.756626	47.061759
2843	6099.495557	132.302803	-3.911057	3.758859	45.746596
2845	6101.577044	132.101236	-3.970178	3.758904	47.319434
2847	6103.657895	131.288625	-3.976969	3.757901	45.221101
2849	6105.739996	130.896300	-4.106185	3.758791	45.151694
2851	6107.821422	129.826542	-4.025524	3.757554	43.696869
2853	6109.902858	129.480290	-4.100912	3.755904	43.754794
2855	6111.984521	128.219087	-4.075134	3.752073	43.429012
2857	6114.066410	127.019973	-4.157671	3.746686	41.819535
2859	6116.149048	126.539365	-4.024783	3.744389	41.431095
2861	6118.230386	124.731642	-4.080563	3.738509	40.995992
2863	6120.312918	123.470314	-4.150719	3.729123	41.694455
2865	6122.396502	123.333704	-4.136423	3.731081	41.941392
2867	6124.480172	122.308432	-4.023875	3.729585	39.633552
2869	6126.564869	121.570146	-4.000496	3.736386	40.221430
2871	6128.650155	120.987212	-4.171336	3.745361	38.544725
2873	6130.736078	121.118273	-4.195721	3.752878	39.555432
2875	6132.821410	120.543350	-4.178351	3.762000	38.689501
2877	6134.905875	120.378807	-3.994426	3.767285	38.768370
2879	6136.986992	119.459669	-4.056618	3.767074	38.233590
2881	6139.065365	120.114614	-4.230302	3.763675	36.548282
2883	6141.140125	119.644003	-3.990611	3.761246	37.170372
2885	6143.215493	118.713841	-4.204452	3.753003	36.028755
2887	6145.292414	117.373892	-4.291221	3.745960	35.878667
2889	6147.371911	116.111266	-4.242903	3.738249	36.342574
2891	6149.453537	115.765588	-4.414113	3.738353	33.940363
2893	6151.536051	114.130583	-4.342332	3.732693	33.395779
2895	6153.618023	113.518217	-4.238135	3.732590	34.185459
2897	6155.699680	112.400479	-4.326701	3.734106	33.588081
2899	6157.780157	111.561594	-4.343629	3.740449	32.219167
2901	6159.861433	111.906334	-4.310471	3.743337	33.450945
2903	6161.943416	110.692922	-4.458240	3.750225	31.855960
2905	6164.026218	110.885866	-4.352722	3.757645	33.547845
2907	6166.111318	109.990063	-4.298461	3.758504	32.276942
2909	6168.200162	108.564143	-4.458088	3.755270	32.010559
2911	6170.287997	108.365404	-4.216103	3.748280	32.180403
2913	6172.374352	106.788614	-4.635131	3.741839	31.373620
2915	6174.457919	107.343029	-4.074490	3.747426	31.410454
2917	6176.539308	106.197494	-4.224128	3.750799	30.516490
2919	6178.617772	105.544174	-4.277050	3.749085	29.329990
2921	6180.696866	104.579709	-4.350004	3.746634	29.913030
2923	6182.775966	104.015717	-4.419405	3.743999	28.094782
2925	6184.855565	103.031273	-4.457876	3.739999	27.960352
2927	6186.935962	102.310896	-4.469584	3.738514	27.202040
2929	6189.017590	101.626526	-4.565357	3.737063	26.955507
2931	6191.099595	101.170558	-4.529956	3.735702	27.063583
2933	6193.181895	100.464969	-4.416339	3.741283	26.339559
2935	6195.265454	99.878262	-4.466347	3.742402	27.432245
2937	6197.349612	99.430145	-4.444344	3.749120	26.193323
2939	6199.434110	99.319834	-4.443385	3.751561	25.423209
2941	6201.518055	98.301170	-4.283683	3.759517	26.245625
2943	6203.601090	98.319760	-4.231882	3.762213	25.462708
2945	6205.681441	97.954098	-4.735652	3.756713	25.734820
2947	6207.759197	98.055365	-4.516199	3.754222	25.526335
2949	6209.833671	98.118117	-4.376447	3.751534	24.235033
2951	6211.908124	97.364175	-4.530084	3.742417	24.103630
2953	6213.983742	96.532673	-4.455158	3.735537	24.232339
2955	6216.061800	95.207596	-4.466781	3.729694	24.544602
2957	6218.141894	94.173695	-4.608170	3.725152	23.874947
2959	6220.223629	93.564130	-4.550069	3.724813	23.283088
2961	6222.305039	92.895834	-4.422301	3.725545	23.079594
2963	6224.385764	92.645893	-4.601797	3.733519	21.644050
2965	6226.467518	91.811243	-4.446309	3.734428	22.892469
2967	6228.548873	91.369473	-4.625043	3.742515	22.364795
2969	6230.632067	91.366226	-4.710247	3.743101	22.850912
2971	6232.717848	89.974394	-4.624392	3.744579	21.526316
2973	6234.806214	90.017656	-4.445871	3.744682	22.284379
2975	6236.896114	89.101479	-4.619513	3.738790	22.100467
2977	6238.983494	88.537389	-4.358603	3.735134	21.778553
2979	6241.068784	87.948923	-4.554579	3.737170	20.888170
2981	6243.150811	87.524014	-4.554313	3.740637	20.587568
2983	6245.231388	87.358393	-4.244907	3.744508	20.805252
2985	6247.310365	86.926933	-4.511661	3.741812	20.432192
2987	6249.390952	85.849601	-4.583435	3.741417	19.931045
2989	6251.472027	85.201834	-4.587924	3.740426	19.109694
2991	6253.551683	84.133452	-4.564508	3.740604	18.414983
2993	6255.633647	83.953746	-4.470381	3.743858	19.213334
2995	6257.716106	83.145970	-4.450370	3.745715	19.266373
2997	6259.799648	82.392182	-4.479012	3.748393	18.499475
2999	6261.883288	82.164496	-4.435173	3.750039	18.216134
3001	6263.966290	81.730847	-4.481389	3.754605	18.304719
3003	6266.047960	81.636428	-4.439639	3.752799	18.342729
3005	6268.127106	81.257329	-4.637442	3.750079	18.392179
3007	6270.203370	81.556986	-4.247673	3.747735	17.418374
3009	6272.276790	81.131841	-4.707115	3.740653	17.632336
3011	6274.351496	89.826266	-5.196048	6.893136	16.899612
3013	6276.425637	88.743401	-5.199751	6.890894	16.380766
3015	6278.504278	87.947843	-5.260550	6.895541	16.755564
3017	6280.582728	87.841141	-5.184476	6.896602	16.338322
3019	6282.663522	86.414601	-5.272391	6.902935	16.112342
3021	6284.745204	77.420400	-4.649054	3.719926	15.528674
3023	6286.826390	76.328330	-4.519969	3.722633	16.019445
3025	6288.909251	75.976191	-4.531252	3.726615	16.189032
3027	6290.990834	75.616099	-4.527470	3.730632	16.126744
3029	6293.075887	75.414673	-4.491331	3.734169	15.460392
3031	6295.164218	82.543165	-5.209789	0.612520	14.872047
3033	6297.253145	82.267502	-5.200165	0.607875	15.213233
3035	6299.342560	81.512761	-5.243040	0.603544	15.519398
3037	6301.429926	80.872607	-5.165264	0.601989	14.960457
3039	6303.513886	80.762787	-5.118296	0.601778	14.731296
3041	6305.595450	79.936308	-5.108823	0.603730	14.708149
3043	6307.675543	71.828942	-4.349449	3.736294	14.305774
3045	6309.755266	71.388868	-4.358219	3.738087	13.817285
3047	6311.834966	70.824530	-4.415257	3.736743	13.552115
3049	6313.914876	70.234328	-4.367127	3.738134	13.772416
3051	6315.997473	69.624795	-4.405402	3.739511	13.500694
3053	6318.079540	69.004713	-4.371073	3.740802	13.078320
3055	6320.162571	68.758541	-4.342639	3.743383	12.708181
3057	6322.245959	68.241616	-4.429132	3.744336	13.004707
3059	6324.326573	67.975357	-4.253540	3.745306	13.237513
3061	6326.404816	67.945864	-4.207474	3.742969	12.862994
3063	6328.482738	67.451572	-4.510840	3.741123	12.813642
3065	6330.555626	74.672617	-5.091104	6.891157	12.840069
3067	6332.627175	74.483065	-5.067134	6.883375	12.183498
3069	6334.701794	73.816335	-5.059942	6.885359	12.096745
3071	6336.777008	73.398737	-5.113450	6.893281	12.199498
3073	6338.855773	71.997895	-5.222156	6.898750	11.714647
3075	6340.935906	71.388781	-5.237839	0.619276	11.906871
3077	6343.015497	70.579902	-5.218507	0.622698	11.019957
3079	6345.097981	70.304683	-5.156086	0.623873	11.475165
3081	6347.179450	69.365724	-5.096298	0.625599	11.290632
3083	6349.262891	68.797169	-4.999967	6.905491	11.152391
3085	6351.348052	68.457931	-4.993946	6.896586	10.755665
3087	6353.436893	68.204235	-5.054631	6.887515	10.810719
3089	6355.527880	67.656151	-5.007977	6.883409	10.507560
3091	6357.618379	67.072779	-5.019872	6.879207	11.286614
3093	6359.704916	66.764261	-4.991644	6.875919	10.154177
3095	6361.788962	66.677058	-4.976157	6.875066	10.373745
3097	6363.872984	66.184988	-4.929435	6.876624	10.702026
3099	6365.953178	65.832022	-4.909293	6.879376	10.994422
