num crossings	time (s)	maj axis (mm)	min axis (mm)	theta (rad )	slope (V/s)
831	2517.307416	250.038252	-20.781217	4.809179	65.324447
833	2519.387036	250.322452	-19.015733	4.842647	55.831434
835	2521.470905	255.301811	-14.638681	4.841789	63.019807
837	2523.566105	253.170088	-14.328374	4.784258	71.108383
839	2525.651876	241.559103	-20.098049	4.792156	60.912630
841	2527.730611	248.475154	-16.001762	4.836543	58.686869
843	2529.820252	239.455888	-18.290186	4.799677	65.452302
845	2531.911718	241.180633	-17.441716	4.786238	62.924042
847	2533.995689	238.130155	-17.479759	4.803841	56.124149
849	2536.082386	236.587950	-17.286527	4.819638	58.462188
851	2538.164004	235.968069	-18.716753	4.798910	55.671169
853	2540.245268	228.535766	-16.765891	4.778086	55.371187
855	2542.338607	235.815926	-19.310444	4.821621	56.233310
857	2544.418262	223.375383	-16.286484	4.772887	53.548907
859	2546.508188	229.823943	-20.553199	4.795838	52.577575
861	2548.593285	219.076235	-15.989014	4.802153	51.525545
863	2550.674956	224.352375	-20.273827	4.765932	50.346731
865	2552.765800	215.675819	-17.190967	4.806248	50.268519
867	2554.849214	220.080261	-19.703266	-1.497953	49.007272
869	2556.929868	214.210932	-18.564903	-1.516114	48.076064
871	2559.020034	212.235676	-18.752161	-1.499581	43.877681
873	2561.108243	213.104063	-18.961916	-1.498577	45.504761
875	2563.192965	210.162621	-19.045906	-1.506546	44.999584
877	2565.273951	209.575510	-18.923123	-1.492562	43.493713
879	2567.356028	204.827672	-19.331369	-1.469863	42.318898
881	2569.450699	201.110619	-20.135133	-1.532536	44.238110
883	2571.532780	204.506215	-18.121443	-1.511300	41.950830
885	2573.614335	196.216661	-20.477480	-1.483601	40.942475
887	2575.709972	197.781727	-18.795572	-1.549969	40.368085
889	2577.783091	195.963188	-19.138023	-1.471905	38.875969
891	2579.878135	190.650139	-20.465749	-1.533845	39.593521
893	2581.964209	193.808078	-19.160656	-1.534311	37.720235
895	2584.040989	189.963550	-19.473239	-1.499980	35.166476
897	2586.123744	186.255978	-19.531134	-1.500679	36.412887
899	2588.210166	184.629550	-19.891661	-1.506624	36.116029
901	2590.296511	183.356491	-19.899613	-1.513356	34.640942
903	2592.380445	181.403035	-19.943884	-1.522609	34.594423
905	2594.464129	179.571794	-20.224828	-1.531183	34.055197
907	2596.553822	176.106067	-19.785293	-1.530671	33.171702
909	2598.647103	174.876045	-19.621053	-1.510166	31.897228
911	2600.733218	175.341292	-20.392629	-1.511277	32.421165
913	2602.807618	172.928508	-20.708386	-1.548421	29.746284
915	2604.897553	168.182444	-19.525717	-1.533439	29.528808
917	2606.990816	169.173145	-20.113892	-1.508346	29.854890
919	2609.067557	168.344740	-20.827596	-1.536984	29.499017
921	2611.146816	163.935086	-20.263326	-1.543393	27.746171
923	2613.234622	161.797396	-20.184064	-1.538920	28.118141
925	2615.323006	160.680534	-20.273293	-1.536022	25.888800
927	2617.407827	159.291359	-20.200030	-1.534313	25.071529
929	2619.491123	157.751325	-20.226824	-1.531191	25.344246
931	2621.572503	156.072481	-20.036722	-1.517996	25.032442
933	2623.660301	153.545567	-20.414482	-1.521533	25.096465
935	2625.756134	150.967174	-20.633702	-1.564117	25.463559
937	2627.841898	152.121020	-20.151301	-1.564815	24.112655
939	2629.916349	150.667954	-20.072193	-1.531528	22.993381
941	2631.997139	147.165227	-20.440767	-1.510414	22.229551
943	2634.088700	145.183228	-20.519525	-1.547401	22.554681
945	2636.182051	143.201222	-20.271166	-1.562369	22.579147
947	2638.268487	143.496225	-20.302399	-1.558800	20.451365
949	2640.353370	141.550546	-20.252074	-1.550225	21.076256
951	2642.438331	139.704380	-20.164313	-1.543280	20.451113
953	2644.520167	138.948743	-20.450053	-1.548431	19.891196
955	2646.597642	137.205764	-20.678547	-1.558370	19.429715
957	2648.677186	134.448081	-20.539163	-1.564912	18.944641
959	2650.766580	132.124421	-20.266554	-1.559390	18.456319
961	2652.859003	131.086917	-19.992317	-1.550074	18.347326
963	2654.949063	129.748305	-20.127965	-1.542007	17.776248
965	2657.030424	129.715695	-20.435553	-1.552289	17.734572
967	2659.107450	128.448356	-20.262642	-1.560455	17.255512
969	2661.187435	125.476010	-20.023814	4.723097	16.939439
971	2663.271195	123.849785	-20.053462	4.729559	16.176782
973	2665.356500	122.051197	-20.278612	4.737141	16.079248
975	2667.447329	120.939888	-20.193372	4.721256	15.893781
977	2669.540474	119.361063	-20.477143	4.705877	15.922197
979	2671.629716	118.949202	-20.259527	4.699398	15.245503
981	2673.710269	118.281921	-20.302973	4.705524	14.688871
983	2675.790600	116.650257	-20.248808	4.716920	12.105578
985	2677.869796	114.416189	-19.839093	4.728218	13.636186
987	2679.950299	112.334705	-19.653001	4.734430	12.723808
989	2682.035569	110.539349	-19.806518	4.731922	13.471748
991	2684.125037	109.326137	-19.896038	-1.559695	13.131424
993	2686.216089	108.722710	-19.880186	-1.572376	12.835517
995	2688.303270	107.298710	-19.842298	-1.575392	13.114550
997	2690.387783	106.677296	-19.716293	-1.576546	12.333739
999	2692.469492	105.263543	-19.732393	-1.574464	11.659836
1001	2694.550059	103.726733	-19.669990	-1.575207	12.008219
1003	2696.628077	101.648280	-19.638948	-1.575792	11.138727
1005	2698.710359	99.818301	-19.596602	-1.573512	10.972097
1007	2700.794892	98.362703	-19.537199	-1.575631	10.703846
1009	2702.883850	97.083060	-19.398972	-1.578130	10.361847
1011	2704.971915	96.268280	-19.436789	-1.577002	10.344461
1013	2707.060780	95.089534	-19.274686	-1.578168	9.508823
1015	2709.151118	93.957989	-19.169336	-1.577069	9.694864
1017	2711.238363	92.889605	-18.980931	-1.576441	9.179213
1019	2713.326866	91.516867	-18.907994	-1.572525	8.917545
1021	2715.412680	90.805894	-18.825150	-1.571387	8.604447
1023	2717.493257	89.420560	-18.701704	-1.575755	8.711053
1025	2719.574694	88.788241	-18.745657	-1.579851	9.052209
1027	2721.655394	87.645896	-18.582366	-1.583600	8.689588
1029	2723.738988	86.104728	-18.456633	-1.583856	8.256252
1031	2725.825093	84.779085	-18.251807	-1.587571	8.028564
1033	2727.914618	83.065180	-18.251293	-1.589230	7.722356
1035	2730.004811	81.316807	-18.042890	-1.594637	7.829430
1037	2732.093683	80.760677	-17.991863	-1.597610	7.742732
1039	2734.174688	80.168086	-17.917953	-1.595865	7.672898
1041	2736.261520	79.173490	-17.770917	-1.593584	6.979331
1043	2738.338511	78.086805	-17.585376	-1.589461	7.025977
1045	2740.422555	77.298153	-17.563308	-1.590906	7.145738
1047	2742.505669	76.092093	-17.427725	-1.587418	6.557067
1049	2744.592539	74.629525	-17.346118	-1.585879	6.256701
1051	2746.679247	73.958086	-17.182010	-1.587624	6.140062
1053	2748.766398	72.943673	-17.050481	-1.585813	5.832111
1055	2750.849911	72.367045	-16.852568	-1.584979	5.861813
1057	2752.938501	70.933450	-16.798903	-1.580631	5.880346
1059	2755.022280	70.431560	-16.678767	-1.581213	5.857153
1061	2757.102625	69.575544	-16.564942	-1.583600	5.875315
1063	2759.179584	68.763500	-16.442859	-1.586750	5.162003
1065	2761.261230	67.698137	-16.298625	-1.588540	5.379471
1067	2763.346282	66.496224	-16.155877	-1.589388	5.196633
1069	2765.432711	65.357579	-16.047690	-1.592135	5.149506
1071	2767.524708	64.273199	-15.991873	-1.596882	5.038648
1073	2769.612976	63.534151	-15.919032	-1.601805	5.182749
1075	2771.701638	62.882342	-15.798241	-1.604060	4.805745
1077	2773.781020	62.154043	-15.670533	-1.602492	4.648315
1079	2775.864677	61.325166	-15.493263	-1.599677	4.551815
1081	2777.951076	60.231238	-15.277819	-1.597016	4.571244
1083	2780.034850	59.401208	-15.164163	-1.594764	4.046622
1085	2782.118277	58.561379	-15.004569	-1.591934	3.698256
1087	2784.204828	57.657646	-14.862267	-1.590829	3.922391
1089	2786.289893	56.945757	-14.710097	-1.588516	3.813047
1091	2788.374110	56.238126	-14.612874	-1.587354	3.867286
1093	2790.456669	55.718203	-14.518273	-1.587035	3.717862
1095	2792.533406	55.187696	-14.368571	-1.587212	3.803333
1097	2794.613709	54.586699	-14.321172	-1.589650	3.691794
1099	2796.692407	53.829121	-14.131606	-1.591566	3.733159
1101	2798.773637	52.908836	-14.145999	-1.591525	3.237433
1103	2800.857830	51.570534	-13.924506	-1.591353	3.520808
1105	2802.949380	50.814203	-13.906729	-1.598614	3.406305
1107	2805.040087	50.224403	-13.769544	-1.604232	3.023178
1109	2807.125046	49.578878	-13.635697	-1.607851	3.021787
1111	2809.208545	48.967522	-13.479907	-1.605290	2.895992
1113	2811.291860	48.213731	-13.343951	-1.602683	2.719121
1115	2813.376154	47.472517	-13.166689	-1.598813	3.062896
1117	2815.459050	46.720968	-13.009285	-1.597134	2.845078
