crossing time (s)	slope (V/s)	crossing number
281474976710655.000000	Inf	261	0.000000
281474976710655.000000	0.994491	262	0.000000
281474976710655.000000	Inf	263	0.000000
281474976710655.000000	1.018296	264	0.000000
281474976710655.000000	Inf	265	0.000000
281474976710655.000000	Inf	266	0.000000
281474976710655.000000	0.919761	267	0.000000
281474976710655.000000	Inf	268	0.000000
281474976710655.000000	Inf	269	0.000000
281474976710655.000000	Inf	270	0.000000
281474976710655.000000	Inf	271	0.000000
